11 11
12 11
13 11
16 11
20 11
23 9
26 7
31 7
37 5
44 3
54 1
64 1
75 -1
87 -1
99 -1
110 -1
123 -1
133 -1
141 -1
144 -1
146 -1
151 -1
154 -1
160 1
165 4
172 8
178 10
186 14
189 16
190 16
193 16
194 16
197 16
198 16
200 17
201 17
202 17
207 20
209 22
211 24
213 28
215 31
217 37
218 41
219 47
221 48
221 49
221 51
223 53
223 54
223 55
221 58
218 59
215 61
209 63
203 67
200 69
196 70
193 72
191 73
190 73
189 73
188 73
187 73
184 73
181 73
178 73
177 68
175 60
175 54
175 44
175 38
178 30
180 23
184 16
187 11
191 5
193 3
195 0
197 -1
198 -1
199 -1
201 -1
207 -1
211 0
217 4
226 8
232 12
238 18
240 20
242 23
242 26
242 27
242 29
242 30
242 31
242 32
241 35
237 36
230 39
228 42
221 45
215 48
208 50
205 51
201 53
200 53
199 53
198 53
196 53
194 53
191 53
190 51
188 50
185 48
183 47
182 45
181 45
179 44
178 44
177 43
175 43
170 43
167 43
164 43
159 43
155 43
151 43
148 43
147 43
144 43
142 43
139 43
136 45
130 49
127 49
126 50
126 52
126 54
131 57
134 59
140 63
146 67
153 68
156 70
161 73
165 73
168 74
169 76
171 76
172 76
173 76
174 76
176 76
177 76
176 80
172 84
171 85
166 89
162 92
156 94
155 96
152 97
150 97
149 97
146 97
145 97
142 97
139 97
135 93
131 90
124 82
120 74
115 65
109 56
105 48
103 42
101 36
99 35
98 32
96 28
96 27
94 27
92 28
90 30
88 31
85 33
81 36
75 39
70 42
64 46
56 53
52 57
46 61
42 64
37 69
35 73
34 74
32 77
32 78
32 81
32 83
34 85
37 87
40 88
46 90
48 91
51 93
54 93
57 95
59 96
61 96
63 98
67 99
68 100
69 101
71 103
71 104
71 105
71 108
71 111
71 112
71 117
71 120
70 124
68 127
67 130
65 136
64 137
62 141
60 142
60 145
60 147
58 147
57 149
56 149
56 150
55 150
53 150
52 150
49 150
46 150
39 150
31 150
20 150
12 150
4 150
1 151
-2 151
-3 151
-5 151
-6 151
-6 149
-6 145
-5 142
-3 139
-3 135
1 127
2 124
5 119
7 116
8 113
8 110
8 107
8 104
10 102
11 99
12 97
14 95
17 93
18 91
21 90
23 90
24 88
25 88
26 88
26 87
29 87
32 87
35 87
37 87
45 90
45 91
48 92
51 94
53 95
54 95
55 96
55 97
56 97
56 98
57 100
57 103
57 106
57 109
57 112
57 115
57 120
57 123
57 128
56 134
54 139
51 147
48 154
46 159
42 165
40 171
38 174
36 176
32 180
28 183
25 187
20 190
14 194
9 198
8 202
5 206
2 209
2 210
2 211
2 213
3 213
5 213
6 213
6 212
7 212
